Webots Project File version R2025a
perspectives: 000000ff00000000fd0000000200000001000002b200000481fc0200000001fb0000001400540065007800740045006400690074006f00720100000015000004810000008400ffffff0000000300000a00000000dcfc0100000001fb0000001a0043006f006e0073006f006c00650041006c006c0041006c006c010000000000000a000000006900ffffff0000074c0000048100000001000000020000000100000008fc00000000
simulationViewPerspectives: 000000ff0000000100000002000000fc000000270100000002010000000100
sceneTreePerspectives: 000000ff00000001000000030000001e000000c0000000fa0100000002010000000200
minimizedPerspectives: 000000ff00000000fd00000002000000010000056900000305fc0200000001fb0000001400540065007800740045006400690074006f00720100000000000003050000008a00ffffff0000000300000690000000dcfc0100000001fb0000001a0043006f006e0073006f006c00650041006c006c0041006c006c0100000000000006900000008700ffffff000001250000030500000001000000020000000100000008fc00000000
maximizedDockId: -1
centralWidgetVisible: 1
orthographicViewHeight: 1
textFiles: 0 "controllers/camera/camera.py"
consoles: Console:All:All
renderingDevicePerspectives: camera_test:camera;0;0.647917;0;0
renderingDevicePerspectives: camera_test:range-finder;0;0.895833;0;0
