Webots Project File version R2025a
perspectives: 000000ff00000000fd0000000200000001000003000000031cfc0200000001fb0000001400540065007800740045006400690074006f007201000000150000031c0000003f00ffffff0000000300000780000000d9fc0100000001fb0000001a0043006f006e0073006f006c00650041006c006c0041006c006c0100000000000007800000006900ffffff0000047e0000031c00000001000000020000000100000008fc00000000
simulationViewPerspectives: 000000ff00000001000000020000024d000004af0100000002010000000100
sceneTreePerspectives: 000000ff00000001000000030000001e000000c0000001b20100000002010000000200
maximizedDockId: -1
centralWidgetVisible: 1
orthographicViewHeight: 1
textFiles: -1
consoles: Console:All:All
renderingDevicePerspectives: camera:camera;1;0.870313;0;0
renderingDevicePerspectives: camera:range-finder;1;0.870313;0;0
